262144
262145
262146
262147
262148
262149
262150
262152
262153
262154
262155
262156
262157
262158
262159
262160
262161
262162
262163
262164
294933
262165
262167
262168
262169
262170
262166
262172
262173
262174
262175
294940
262177
262178
262171
262180
262181
262182
262183
262184
262185
262186
262187
262188
262189
262190
262192
262194
262195
262196
262197
262198
262200
262201
262202
262203
262204
262206
262208
262209
262211
262212
262213
262214
262216
262217
262218
262219
262220
262221
262222
262223
262224
262225
262226
262227
262228
262229
262230
262231
262232
262233
262234
295003
262236
262238
262239
262240
262245
262247
262248
262249
262251
262252
262254
262255
262256
262257
262258
262259
262260
262261
262262
262263
262264
262265
262266
229490
262267
131196
262268
262271
262272
262273
262275
262276
262279
262280
262281
262283
262284
262285
262289
262291
262294
262295
262296
262298
262302
262303
262306
262307
262311
262313
262314
262315
262316
262317
262319
262324
262325
262331
262332
262333
262337
262341
262342
262345
295114
262347
262346
295117
262349
262351
262352
295124
262358
295127
262361
262362
262363
262364
262365
262366
262369
262370
262371
262372
262373
262374
262375
262377
262381
262382
262383
262384
262386
262387
262390
262391
262392
262393
262396
262397
262404
262408
262409
262411
262412
262413
262414
262415
262416
262419
262420
262422
262423
229656
262424
262428
262431
262432
295201
262435
262438
262439
262440
262441
262444
262445
262452
262454
262455
295224
262456
295225
262459
262462
262469
262470
262471
262476
262477
262478
262479
262480
164172
262482
262484
262485
229718
262493
262494
295263
295264
262497
262498
262499
262500
295269
295267
262503
262505
262511
262512
262513
262514
262515
262516
262519
262521
262522
196988
262524
262525
262528
262529
262530
262531
295303
262537
262539
262540
262541
262543
262546
262547
262548
295316
262550
262551
295320
262552
262554
262555
295319
262558
262559
262560
262561
262562
197022
262568
262570
262571
262572
262573
262574
262575
262576
229805
262578
262579
262580
262581
295352
262590
262593
262596
262598
262599
262600
456
262602
295371
262607
262608
295376
229841
262612
262614
98777
262617
262619
262625
262630
295405
262638
262639
262640
262641
262643
262648
262649
295419
262653
262654
295425
262662
262663
262666
262667
262671
262672
262674
262677
262678
262681
262683
262687
262689
262693
550
262698
262700
262701
262702
262704
295472
262707
262710
295480
262713
262715
262717
262721
197186
295491
262728
295496
262732
295509
262742
262745
262747
262749
262752
295521
262753
262755
262756
295528
262761
262766
262771
295540
262773
262776
295545
262780
262781
262788
262789
262790
262802
295570
262807
262808
295575
262812
262813
262814
262818
262820
262821
262822
262823
262826
262829
262831
262833
262834
262836
262837
131771
230077
262847
262850
262865
262866
262867
295636
262868
262877
262879
230113
262885
262895
262896
295663
262902
262903
262904
230138
230140
262909
262910
262916
262918
295687
262922
262929
262930
262931
262933
262935
262941
262943
262944
262946
262949
262950
262951
262952
262953
262954
262955
262956
262957
262965
262969
262970
262977
839
262984
262986
295762
263002
295775
230243
295780
263012
263011
263015
263017
66415
263024
263026
295799
263035
263036
230272
263041
263042
263046
263047
263049
263051
263053
263054
263055
263056
263057
295827
263059
263060
263062
295832
263064
263066
263067
263070
99235
263077
263079
263081
295850
263083
33715
263094
263101
295878
263113
263114
263116
263117
263118
263119
295889
263122
263123
263127
263128
263130
263133
263135
263136
263139
263140
263141
263144
263145
263146
263154
263155
295924
263157
263160
263162
263163
197629
263171
263172
132101
295942
230408
263178
263184
263186
263189
263190
263192
263195
230428
263196
263198
230431
263202
263203
263205
295973
263210
1067
263213
263219
1075
263224
263240
263243
263246
263251
263253
263254
263258
263262
263263
296032
230497
263265
263267
296041
296042
263275
263276
263274
263278
263284
263286
197750
263295
230533
296069
263304
1163
263308
296079
263313
296085
263318
263320
263321
263322
296096
263330
263336
263344
263345
263346
263354
263360
263365
263366
263368
132296
296140
263374
263375
263376
263378
263379
165076
263382
263383
263384
296158
263396
263400
263401
263402
263403
263404
197871
263407
263409
296176
263414
263415
263418
296192
263428
263429
263432
263434
263437
263438
263439
263440
263442
263444
263446
263451
263465
263470
296245
263479
263481
263483
263486
263487
263490
296260
230724
263495
263496
230732
263502
263508
263512
263516
296287
263522
263527
296295
263531
165231
263536
296308
263549
198016
263555
263556
296325
296326
263569
263570
296337
296338
263573
263575
263576
263579
263580
263581
263586
1445
263590
296373
263609
263610
296377
263612
263613
198078
230843
230848
263623
263624
296393
296396
230867
263648
263652
230890
263678
263679
296448
230913
263680
67074
263693
263694
263696
263697
263706
263708
1564
263712
263717
263718
263720
263723
230962
263732
263745
1603
263747
263749
263748
230993
263761
263775
263777
231013
263782
263783
263795
263796
263798
263799
263824
263835
231069
263844
263850
263852
263861
263864
263868
263869
263871
263874
100034
263885
198352
263893
100057
263899
263900
198363
263903
263904
263908
263909
263914
263915
263928
263929
263931
263943
263944
263946
296715
263948
263959
263968
263970
263971
263977
263979
296748
263980
263983
263987
263990
263994
231227
67388
263997
132922
296768
231235
100163
264005
264006
264009
264018
264023
264035
34663
231271
264041
264043
264046
264048
264061
264067
264069
34694
264071
264072
264073
264076
264078
264079
264087
264088
264094
264096
100257
264101
1957
264110
264113
264116
264119
231357
264127
264129
264130
264139
296907
264141
264146
264147
264148
264150
264159
231393
264163
264165
264168
264169
264171
264174
264184
264189
264192
264197
296966
264199
264200
264198
264202
264206
231439
264209
264214
264215
264216
2096
264242
297019
264252
264253
264255
264268
264269
264270
2127
297045
264286
264302
264303
264306
264310
264311
297080
264317
297088
100481
264322
264338
297108
100503
264343
2208
264356
264359
264360
297141
264377
264381
35007
264383
264385
297155
297156
264389
264391
264392
264394
198863
264413
264414
264417
264419
264421
264428
264430
264431
264434
264435
264436
264437
297205
297206
297208
297207
297210
264443
264446
264448
297217
264451
264453
297238
297244
297248
297254
297255
231720
264488
297257
231725
264494
231728
264496
264504
264506
264517
297286
264530
264531
133460
264534
231774
35170
231784
264556
264557
297332
264565
264568
297336
231806
231810
297348
264581
264584
264589
199056
264597
264599
264603
264604
264605
264609
231842
264614
264616
264623
297395
297398
264630
264632
264633
264631
264638
264642
297414
297429
297434
264670
297440
264674
199142
264683
264686
264692
297461
231926
264699
297468
264701
264708
2566
264711
297480
264713
264721
264734
264735
264736
264737
264742
264743
264755
264761
264763
264765
264771
264773
264784
264788
264792
264795
264796
264804
264805
264809
264815
264822
264824
264829
264830
297600
264834
264835
297605
264837
199305
232075
264847
264848
264849
297619
264852
297624
297628
297630
264863
264867
264868
264870
264872
133804
264877
297662
264895
232130
264902
264905
264906
264916
297693
297694
264930
232164
297700
264935
264937
264941
264942
264944
264950
264951
101125
264969
297737
264971
264973
264974
264981
232214
297752
297753
264984
264987
264990
264992
264996
265000
297771
265003
265005
265006
265007
265012
265013
265014
297784
265018
265019
265021
265027
232266
265038
297811
297813
297815
297816
265048
297818
265051
265052
297822
297823
265056
297829
265070
265071
265073
265080
265082
265083
297853
297857
297859
265091
265098
265103
297874
265106
265107
232343
265118
265121
297896
297897
297899
297900
297901
297906
297908
297909
265144
297913
297915
265151
232389
297937
265169
297939
265172
297940
265174
265176
265177
265178
265180
232421
265191
265194
265195
265196
297966
265199
297969
265201
265202
265207
265209
297978
265220
265227
265229
265247
265248
265250
265252
199717
265253
265257
298028
298029
298030
298031
265264
265263
265269
232503
265273
265275
199740
265276
265285
265286
265288
232532
298069
265304
265313
265315
265316
265318
265332
134263
232568
3192
265342
232576
3201
298114
265348
265349
232582
265354
265355
265360
265361
265363
265368
298143
36002
298149
199852
265389
265390
265388
265392
298162
265400
3257
265403
265404
265406
265415
298186
298187
265421
265424
298193
265425
265427
265430
265439
265457
265465
265466
232702
265470
265471
298242
265478
232715
298252
298260
232731
232733
232735
265504
298272
298271
3362
298276
232741
298279
265515
265516
298290
265525
265526
298304
265537
298306
232772
265540
265542
298312
265551
265555
265560
265565
265566
265571
298340
265584
298356
265594
298363
298364
298365
265605
298374
265606
298378
265613
265615
134550
265624
265626
265628
265631
265635
167334
298408
298414
265647
298415
298421
298423
232892
265666
265667
265669
232903
200136
298439
265672
69069
265683
265690
265698
265703
265707
265709
232950
265721
232962
265733
265735
265736
265744
265746
265747
167446
265750
265754
265756
265759
298532
265765
265766
298539
265780
265782
200248
3646
298568
298569
265802
265806
265814
265818
200289
265827
265828
265830
265831
265833
265853
265857
265858
265862
265865
265871
265873
265875
69269
298647
265883
265884
298657
265890
298659
265894
3750
233133
265917
298686
265918
265923
233159
265930
265931
265932
265933
233166
233172
233210
265979
265994
298766
266000
266001
266005
233240
266016
298786
298787
298788
298794
266037
233271
266048
298817
266053
298823
200520
266060
266070
266071
167767
135001
298848
266081
266084
233323
298862
266104
266106
266112
266113
266117
266119
233351
266121
266123
266124
266128
266130
233363
298899
298903
266136
298904
233372
266142
266153
266155
266156
266157
233395
266171
4029
266178
266190
266192
266197
266203
266207
233441
266213
266214
233448
266216
233452
266221
233460
69632
266244
266246
233481
233483
266260
266262
266264
266266
266269
266274
266275
266288
266292
266294
266303
266304
266306
266309
266311
168014
233552
299088
266322
266324
266329
266332
266353
299122
266355
266356
233586
266357
233591
266354
266367
266368
233609
266381
266382
266383
299164
266416
266417
266418
266422
299191
266425
266431
299201
266438
266440
266454
299224
266463
266480
37104
233715
266490
266491
266496
266504
266508
266510
299282
266518
266519
299291
266524
299293
233760
266532
266539
266544
266545
266555
266556
233788
233792
233795
266564
233803
168270
266588
266589
233825
299364
266607
266610
266614
266616
266618
266619
266624
233859
266627
299395
266629
266631
266634
266635
266637
266638
266639
266640
266642
233874
266645
266654
266656
266660
266669
266671
266675
266682
266687
135616
266689
299459
266696
299464
266701
299470
266712
299480
266714
266718
201194
233966
299504
266739
266741
266745
266748
233987
135684
299540
266782
266796
266798
266802
4662
266807
266810
266818
266820
266821
266824
266828
299597
266829
234065
266834
266839
266848
266849
234081
299616
266855
103016
266856
266860
234094
266864
266865
266866
266868
266872
168571
266876
234111
299649
299650
266883
266885
266889
266890
299659
299658
299664
266897
266898
266902
266903
266904
266905
266907
266908
266917
299689
266921
299691
266922
299693
266928
266932
37556
266933
234175
234176
266944
266946
299715
266950
266953
201418
266954
266958
266959
266960
266961
266962
266965
266966
266969
234203
201436
266974
266977
266983
135925
299767
267001
168700
267009
267017
234251
267019
267020
299790
267031
267045
267053
267062
267064
234299
267073
299842
267079
299848
267080
267082
267086
267091
267098
267101
299869
299873
267112
234345
267114
267116
267117
267120
267128
267137
267138
267141
267165
234398
267169
299946
234424
267192
267193
299964
299966
299969
299978
267211
299982
267219
234456
136160
234466
300005
267245
267246
234480
267256
267258
300027
201724
267262
234498
234510
267279
234525
267319
267321
234561
267331
267334
300104
5193
267342
300112
201809
234580
267348
267351
267352
234604
234610
267379
267387
267388
267405
267406
267414
234647
300184
103577
267421
267422
267428
267431
267432
234669
267444
267446
267450
300231
234700
267469
267472
234717
267485
267486
267489
300259
103652
234735
300280
267519
267523
267533
202002
267540
267541
267543
267546
267547
267548
300317
267549
234794
267575
267578
267580
202045
300349
300360
70991
267620
234859
5487
202097
267634
267635
202106
267644
267648
267650
267655
267662
234897
267669
5528
234905
267672
300443
267676
300442
234917
234927
234937
234942
300483
267729
267732
267733
38358
267735
267741
234989
267760
267761
234997
267774
235007
235017
267786
103955
267796
169495
267811
267812
235055
267865
267867
267875
267883
267887
267891
235131
169600
235149
267923
267933
235167
202425
267965
267969
235211
235220
235238
235241
71401
268012
235245
268035
268056
235304
268077
268078
235310
235325
268109
71501
268116
235352
235364
104306
235384
268156
235394
235397
235402
268174
268188
268199
6056
235439
38838
235472
268250
268257
235500
202736
268275
235528
235542
235545
202802
235579
202812
235585
235592
268375
235622
268398
235631
235632
39027
235637
268414
235649
235650
235687
235689
235707
235722
268502
268503
71897
235752
235753
268535
235771
203012
268557
268558
268564
268565
235802
235804
268578
235824
235834
268613
235856
268671
235913
235918
268729
235964
235979
235991
235995
104932
236030
236064
236066
268853
268892
236132
137831
268904
268922
236162
236166
268945
236202
236207
268977
236210
268978
236227
39639
236268
236274
236277
269065
72467
269111
39738
170818
170840
236392
236402
236418
170892
236433
236440
105372
236453
236461
236484
269283
170986
236527
7158
236546
236559
105506
236587
236592
236599
72766
236615
269388
236624
269395
236641
171123
236671
171153
236714
105651
203967
236738
236752
269526
236762
236763
236770
269554
236791
269560
269561
236806
236810
236815
236836
236843
269612
269616
73009
236853
236868
236874
236888
40285
236907
269675
269676
236916
171385
236921
236936
105877
236973
7624
237007
237030
73197
237043
237054
237056
237059
204306
269843
237084
269862
204331
269890
269891
269894
237128
237132
7761
237144
269927
269942
269943
237180
269964
269965
237207
237235
237237
237258
270027
237266
237267
237269
237274
237280
237285
270078
237321
270093
270094
237331
237351
237352
270122
204589
73520
237376
270159
237404
270187
270188
237420
237426
73589
270203
171906
237452
270224
237457
270231
270234
8091
270236
237481
237484
270254
237492
237504
237529
262138
237541
237543
237546
237547
262141
270324
237556
237560
237566
270340
237572
237584
237606
237607
237615
237617
237636
237640
8266
237647
237650
237670
237683
237686
8320
237704
237708
237711
237714
237718
237721
262176
237740
262179
237759
237761
237766
237777
237788
8416
270561
270562
237817
270626
270627
237861
270639
237879
270655
270665
237898
237900
205136
205141
237916
237936
237953
237954
8577
237970
270744
237978
237992
205228
270778
238013
238017
238028
238029
238035
172502
238040
238054
238055
238061
205305
238077
238082
238120
270889
238127
238131
238135
238138
8781
238161
238169
238176
238179
238183
238190
238201
238205
238215
238224
270995
270996
238236
205471
205490
271028
74428
271051
238292
238294
238307
271088
238322
271133
238389
238397
238398
271173
238411
271183
238432
238442
238447
238465
271241
41871
238482
172947
238505
271278
238525
238527
238534
238550
271323
238568
9195
238602
238609
140316
9246
271402
294923
271418
238651
238658
238707
238708
271477
205963
205967
238737
238762
74931
238787
271556
238804
238812
238817
238819
206060
206061
173292
238829
238851
238856
238892
238894
238903
238910
271711
238968
238969
238975
238979
238986
238992
271767
239015
239022
239038
239039
9663
239049
239050
239064
239068
239071
108004
239097
75286
271898
239139
239144
271914
271915
239149
239157
42550
239158
239162
271943
271950
239185
42584
239210
271983
239216
271984
239221
239224
239225
108157
239244
239251
239274
239278
239283
239286
239294
239295
239296
75461
272070
206547
239316
239324
239331
239334
239357
239360
239362
239366
239372
272142
272151
239389
239403
239415
239421
141134
239445
239455
239469
239506
239510
239523
173987
239534
206778
239569
272340
239579
239591
206866
239635
239638
174106
272413
272425
239665
239694
239698
239700
239731
239738
239750
239761
272529
239764
239770
239771
272541
239782
239785
239789
239790
272576
239810
272589
239832
239835
239848
239872
239880
239886
239894
207132
239906
272688
272691
239937
239939
108869
239942
239944
272715
239952
239958
272729
239972
239974
239975
239978
239981
272751
239995
240004
240009
272790
240029
240035
240043
240076
240087
240094
240097
240137
174606
43542
240157
240172
240183
240186
240187
240199
240201
240202
240205
240210
240222
240229
240230
273004
240238
10864
240249
240252
240254
273032
240277
273045
240280
240283
240286
240287
240289
240313
240319
273090
273092
240348
295261
240350
273117
240354
240355
273131
240377
240382
109315
240402
240408
240413
207646
240422
240425
142126
240440
240459
240461
240466
240467
240474
240499
240511
240516
240517
43910
273315
11174
240551
240554
240568
240569
273341
273342
240597
240601
240603
207837
240623
207870
109570
240649
240650
273418
240653
11279
240661
240668
240676
240678
273457
240691
240697
240706
240713
240731
240737
240744
240750
240760
273529
240761
240763
240768
76928
240779
240780
240784
273554
142486
240794
175262
240799
240806
240808
240817
240827
240834
240867
240877
240885
240887
240890
240892
240907
240914
273687
240921
240924
240955
240985
273785
273786
241017
241022
11653
241033
241042
241044
273818
241054
241067
241079
273873
241108
273900
241137
241146
241171
110102
241175
110108
110112
175650
241195
273971
273972
241223
241224
241231
241240
241246
274014
175714
241258
241260
274040
241282
44682
274066
241313
241328
274144
274145
241391
241397
274176
241424
175888
241435
241443
241444
241447
241448
241452
274221
274222
274237
241502
241503
241504
241514
241515
241516
241519
208752
274292
241536
241546
241556
241559
241567
241570
241571
241576
241580
241586
274360
241596
241598
241609
241613
274390
241626
274400
241634
241646
274459
241693
241711
241712
143429
241735
241743
274516
241756
176222
241760
241786
143487
241791
241822
241825
241829
241833
274620
241859
241860
241863
274631
274632
241872
241874
274653
241886
110855
241927
241937
176405
274714
274715
241964
241970
241971
241976
241977
241981
241987
241988
241993
241998
242028
242034
242066
242069
242074
242075
242076
242081
242096
242098
143804
242109
274879
274880
242129
242138
242147
242152
242154
242159
242162
176634
242171
242173
242198
242206
242218
242225
242237
242266
242290
242291
275072
209537
242304
242307
242310
242313
275089
242325
78494
242347
275121
242362
242364
176831
242373
176838
242382
242388
176867
242405
242415
242419
242445
242456
242458
242460
209707
242476
242481
242489
242493
242508
242516
242518
242520
242522
242525
275300
242551
275320
242554
78723
209801
242576
242583
242584
242588
209823
275361
242593
275365
275366
242599
144296
275369
242620
242621
242629
242630
242633
242635
242640
242644
242651
242668
242688
242702
242708
242710
242734
242737
275516
275518
242754
13384
242775
242788
242789
242791
242795
242805
242827
242831
242833
242837
242852
242856
242866
242878
46270
275655
275656
242892
242893
242912
275699
275700
242935
275712
242954
242960
242964
242966
242969
242971
242972
46372
242983
242985
275765
275769
275770
243002
243004
243015
210248
243023
243029
243031
243032
275801
111973
243045
243066
275837
243074
243080
243081
243086
177552
243088
243093
243099
243108
275902
243135
243153
243156
243160
243168
243169
210404
243189
243205
243220
243221
112154
243230
243240
243242
243252
243260
243264
276042
243286
243289
243301
243316
243318
243323
243338
276125
243373
276144
276145
243380
276166
243400
243403
243407
243446
243472
243475
243479
243480
243481
243482
276248
243496
243500
243504
243505
243512
243515
243518
243525
243541
243549
243550
276320
243554
276332
276334
243576
243594
243597
243607
243614
210851
243621
276398
243640
243651
243710
243716
243724
210964
243736
243737
243738
243747
243754
276528
243799
243804
243839
243841
243849
276627
243878
243883
243890
276661
243910
243911
243939
243947
276721
243955
211189
276737
243974
243996
276767
276771
244005
244018
276787
244021
244048
276826
276827
244064
244072
244075
276845
244102
244126
244147
244149
244150
244151
276919
244172
244176
244179
244193
211437
244209
244225
244227
244233
244239
244243
244249
244261
145958
47663
145975
244303
244313
178778
244329
244339
244343
244353
80517
244373
244376
244379
244381
244382
244392
244398
244411
244412
244419
244422
244438
244452
244455
244476
244480
244489
277259
47887
244504
244509
244526
211763
244539
244550
244553
211794
244563
244565
244569
244577
244593
244595
244599
277378
244618
113548
244630
277400
211875
244657
244659
244660
277433
244665
277439
244677
244695
244713
277481
244722
244731
244732
244733
244734
244741
244747
244751
277523
211992
244770
244780
244782
244791
244792
244805
244807
244810
179295
244831
146530
244834
277611
277612
244856
179321
244858
277624
244862
277630
277631
244863
244871
146576
244890
244894
244899
244909
244920
244923
244925
244937
244939
277713
81128
244972
244979
277752
244986
244992
244995
244997
245004
245006
245023
277803
277809
245057
245064
245065
245068
245073
245075
245079
245080
245083
245087
245098
245108
277907
277909
179607
245148
245171
81333
48577
245204
245210
245212
245223
245229
245240
278008
245243
245263
245265
245273
245276
245279
245284
245290
245303
245304
245305
212539
245324
245326
245331
245334
245336
278107
245342
278117
278119
278136
245385
278161
278162
245394
245396
278169
48794
245409
245417
179887
245428
245440
278217
245455
245457
212689
278238
245471
245473
278244
245483
245490
245494
245497
245501
245511
245513
245538
245548
245557
16201
278347
245598
245599
245601
245603
245613
245614
245625
245628
245632
245639
245642
245665
245668
245669
245671
278447
114625
278469
245704
245729
245736
245748
245754
81915
245756
245763
245777
245778
245783
245791
245802
278581
278582
245813
245820
245823
245829
278598
245831
278599
245832
245839
245842
245846
245849
245852
245858
245867
245878
278656
245892
245898
278677
278678
245938
278709
278713
245951
245966
245970
245975
82138
245984
213217
245991
278773
246006
246023
246025
246026
246029
246032
180501
246039
278813
246046
246056
246059
246060
246077
147774
278851
278852
246085
246088
246104
278883
246125
278897
278907
278908
246140
246150
246155
246158
246159
246165
246169
246187
49606
246217
246230
246232
246237
246238
246244
246246
279029
246269
246285
246287
147996
279068
246306
246309
246313
246314
246321
246327
246328
246337
279107
246344
246361
246363
279133
246373
246374
246385
246401
246413
246414
213655
246443
246454
246455
246458
246463
246467
279238
49876
246485
246490
246492
246496
246513
246515
246519
246524
246529
246531
279299
246539
246543
279327
279328
246561
82723
246568
246569
279342
279343
246576
246580
246588
246589
246598
279366
246606
246607
246610
279391
246629
246636
246639
246649
246652
246665
246668
246674
246683
246686
246693
279468
279473
279474
246707
246708
279478
246720
246723
246736
246737
279507
246742
213979
279521
246754
246770
279543
181240
214020
246791
279567
246807
279578
279580
246821
279590
279591
279600
246835
246844
246856
246857
83039
246881
246887
246903
246904
246906
246919
246921
246923
214156
279694
246937
246939
279710
246944
279721
246960
246964
214196
279735
246978
279775
247016
279785
279786
148724
247029
247030
247036
247051
247053
247055
247060
247067
247074
247077
247082
247088
181553
279859
247092
247093
148790
279873
247106
247119
247136
247140
247146
247160
279933
214398
214406
247180
279949
247189
247193
247199
247204
279978
247212
247242
247245
280019
247258
280028
247268
247276
247284
247295
247299
247303
247304
247309
247311
280085
280094
247334
247339
214573
247346
247355
280149
280165
247400
280170
280174
247409
280182
280183
280186
280195
247428
247429
247435
247436
247437
247445
280221
280226
247462
247477
247481
280249
280253
247492
247495
247496
247523
50917
247540
247541
247543
182017
247560
247570
247582
247583
247586
280359
280363
247596
280365
247598
247601
247606
247612
280383
280397
247630
247633
247638
280409
280410
280412
280414
247661
247670
280438
247677
280446
51070
247684
280454
247689
214924
280462
247701
280472
247705
280473
247725
149427
214965
247736
280508
280509
83912
247752
247764
247765
280547
280549
280555
280556
280563
247796
247797
247802
280571
280572
280573
247811
247820
247827
247829
247842
247843
247845
247854
280626
247862
280630
247871
247882
247888
280660
247894
247895
182372
280678
247917
247919
247921
247929
247937
247944
247945
280714
247955
280726
280727
247958
215199
247968
247969
247972
280747
280750
215227
247997
248004
248007
248014
280791
248025
248033
248035
280811
280812
248043
84208
280821
280823
280825
280826
280848
280849
248084
280863
248100
248102
248103
248106
248121
248128
248135
248139
51539
248148
149843
248154
280937
248170
248182
280955
248188
248191
248199
280967
280969
280970
280982
280983
248222
248223
248227
248239
248242
248246
248258
248268
248271
281043
281044
281045
248276
281046
18907
248283
248288
281066
248299
281070
248306
281075
281076
117241
248314
248327
248328
281098
248336
150038
248345
248347
248357
281126
281134
281135
248367
248369
248373
248382
248387
248393
248395
281164
248398
248401
248403
248404
248405
248410
248411
248413
248414
248418
281191
281197
248430
248433
248442
248444
248446
281221
248464
281235
281237
248483
281261
248494
248498
281267
281271
281272
248507
248510
248511
248518
248523
248526
281294
248532
281304
281315
281319
281327
248560
281329
281335
248570
248574
248576
248587
248592
281363
281365
281369
248623
248629
248637
281406
215871
281407
248645
281414
248647
248655
281425
248658
281430
281439
281448
248686
248690
248697
248701
281472
248706
281480
281484
248723
248724
281496
248746
248756
281526
248759
281531
248773
281547
248785
248786
248790
281562
248797
281570
281572
281574
248808
248813
281582
281583
248819
281587
281593
281595
248830
281607
248841
183307
248844
248845
248857
248859
281633
248867
281636
248868
281639
281642
281644
248877
281647
248879
248883
248886
248887
281656
281661
281663
248899
281669
248901
248906
281675
281677
248909
281679
281681
216146
248918
248920
281701
248935
248940
248941
248942
281718
216189
248962
248967
248971
281747
248985
281755
281757
248989
281759
248991
281760
248994
248993
281765
248998
249002
249006
281774
249010
281778
281784
249017
281786
281793
281796
249029
249033
281804
281805
281806
249041
281811
281813
249047
281817
249051
249052
249057
281830
249065
249068
249071
281840
249077
249081
281851
281854
183561
281875
281877
249112
281886
249125
249126
281901
281902
281909
281911
281913
281915
281917
281923
281924
281926
249161
281930
281931
281932
281934
249168
249176
249178
249194
281976
249210
249211
281980
281982
281984
281986
249227
281996
281997
249230
249229
249234
282002
282004
249241
282011
249248
282021
282024
282027
249260
282029
249263
282037
249270
282038
249272
282041
249274
282043
282047
282050
282051
282054
249289
249290
282058
282061
282067
282069
282072
282073
249311
216543
249315
249316
249318
282090
282091
282092
249326
282100
282102
249337
282105
249350
249357
151059
282135
282144
282151
282152
282156
249391
282165
282166
282171
249405
282175
282180
282186
249419
282188
282187
282193
282194
249440
282209
249442
282211
249444
282213
282210
282218
282222
282225
216696
249477
282246
282252
282254
282255
282256
52882
249491
282262
249495
282266
282267
282271
216735
249503
282272
249508
249517
216749
282291
282293
282299
249539
282336
52962
249571
282350
282351
282354
282370
282371
249621
282390
249624
282392
282402
282404
249637
249638
282410
249644
282417
249659
282428
249660
249661
282431
282433
282437
282443
282450
249684
249685
249687
282463
282464
249697
282466
282465
216932
282470
282471
282472
282475
282479
282484
282490
282494
282497
282504
282518
249752
282522
282523
249760
282532
249770
249773
282541
249777
249785
282558
282559
249791
282563
249796
282564
282565
282566
249798
282570
249803
282580
249815
249818
249822
282590
282591
282593
282597
282607
249839
249850
282620
282621
282622
282627
282628
282629
249862
282630
282637
86032
282641
249874
249891
249895
249902
282670
282672
217137
249906
249904
282676
282678
86078
282689
53314
282692
249926
249927
282697
282698
249931
282700
282701
282703
282704
249938
282708
282710
282713
282714
282716
282718
249966
249998
282767
250005
282774
250009
250010
282777
250012
250013
282778
282783
250018
250019
250026
282801
282802
282803
282804
282807
282810
282813
250048
282816
250049
250051
250057
250060
250061
282835
282838
250071
282840
282841
282842
250078
250082
282851
282854
282855
250091
250092
282866
250100
282868
282869
282871
282872
282873
282878
250113
250116
282884
282889
282890
250122
282893
282894
282895
282898
282899
250133
282905
250139
282913
282914
282928
282929
250162
282936
250172
250174
282944
282945
250183
250186
282954
282956
250191
282963
282965
250200
282977
282980
282985
282986
282993
282995
282997
250230
282999
282998
283004
250236
250238
283010
283017
250249
250256
283027
283028
283029
283030
250266
250267
283037
283039
250274
283045
283046
283049
184751
283059
283065
250297
283070
250303
283074
283075
250310
250312
283082
283083
283084
250316
217551
250324
184788
283096
184794
250333
250335
283104
283108
250343
283116
250353
283125
283129
283131
283136
283137
283138
53763
250369
283143
283144
250376
250377
283149
283152
283160
283162
283165
283166
250400
283169
250411
283183
283184
250429
250430
250438
283207
283212
283219
184916
250452
250455
283224
283225
283228
283230
283232
283233
283234
283235
217699
283237
283238
250480
250490
283259
250494
283263
283264
250500
283270
250505
283274
283276
283280
283281
250516
283284
283286
283287
250521
283290
250531
283300
283306
250538
283312
250549
283319
283321
250554
283325
250559
283333
283334
250565
250568
185037
250575
250577
250583
283354
250587
250588
250600
250603
283377
283379
283380
283383
283385
283386
250619
250618
283388
250624
217858
250628
250631
283402
283406
283408
283409
283413
283419
250656
283429
283431
283432
283436
283439
283446
250678
283448
283449
283451
283453
283454
250690
250691
283461
283471
283476
119637
250712
283481
283483
250722
283497
283498
283509
283513
283514
217983
250753
250757
250759
250760
283529
283530
283531
250768
250769
250773
283550
283551
283552
250784
250786
250788
250789
250792
283566
283567
250799
283572
283575
283577
152510
283582
283584
283588
250822
283591
250833
250838
283607
283611
250845
250849
283618
283632
250868
283640
218104
250880
250881
283650
283651
250884
283652
283655
283658
283659
250898
283668
283669
218136
283678
283687
250922
283691
250929
218161
250933
283715
250952
250957
152656
283730
250963
283731
283733
283732
250970
283739
250976
250978
283748
250983
283752
250986
283758
283760
283761
250992
250995
283764
283766
283767
251005
283784
283788
283790
251024
251026
251027
283799
283801
283811
283818
251051
87213
283829
251064
218297
283845
283847
283848
251082
283853
251086
251087
283861
185560
251100
251101
283871
283872
251106
185571
283881
283884
283885
283886
251122
251123
251128
251129
283898
283900
251132
283906
283908
251141
251142
283911
283912
283909
283922
251157
283929
283930
251164
283942
251177
251185
283965
283967
283969
251206
251210
218443
251219
251220
283987
283991
251223
283995
152925
251233
284003
284004
185699
251249
284021
251258
284027
251262
284041
251275
284057
251291
284060
284061
284062
284063
284068
251302
284081
251314
284087
284088
284091
284093
284094
251328
284101
284102
284103
284104
284105
284106
251343
251345
251353
251368
251370
284139
251371
251373
284141
284144
251376
251379
284151
251390
284161
284162
251395
284164
284163
284168
284169
251400
251404
284174
251414
251417
54810
284186
284190
284191
251426
284197
284202
284204
251438
251441
251444
251445
284212
284213
284222
251456
284226
251465
251467
251473
284241
284242
251480
251481
185947
284253
284255
284256
251491
251494
284268
251504
251505
284274
251510
54903
284281
284283
284288
284300
251533
251534
251536
284307
284308
284310
251544
251545
251548
120477
251549
251554
251559
284328
251560
186028
284332
251570
284342
284346
284348
284350
284352
251584
251590
284360
251593
284364
284367
251602
251603
284372
284373
284374
284371
284375
284377
284383
284384
251621
284392
284393
284394
284395
251628
284400
120564
284409
284410
284411
284412
251647
284419
284421
284422
284423
284424
284427
284433
251667
251670
284442
284443
251674
284445
251677
284448
284458
284459
284460
284462
284463
251700
284473
284474
251707
251709
284481
251713
284483
284484
251719
251721
284493
284495
284497
284498
284499
284501
251735
284507
251740
284511
251744
218980
284521
284523
284526
284527
251762
251763
284534
284535
251771
284551
284557
219029
251804
251805
284573
284574
251810
251813
251818
251823
284593
284594
284596
251839
251846
251854
284622
284624
284628
284633
284635
284641
284642
284643
251876
284644
284646
284647
284645
284649
284650
284654
22511
284656
284657
251891
284660
284661
284662
284663
284665
284666
284667
251900
284669
284670
284671
284672
251905
251909
284677
284678
284680
284681
284682
284683
284684
284685
284679
284687
284688
55308
284690
284691
284693
284694
284695
284696
284697
284698
284701
284702
284703
284704
284705
284706
251941
284709
284710
284711
284713
284714
284715
284712
284717
284718
284719
251952
284720
284723
120884
284724
251959
284727
284729
284730
284731
284732
284733
284728
284735
251969
284738
284737
251972
284740
284742
251975
284741
284744
284745
251980
251981
284749
251983
284750
284748
284754
284755
284759
284760
284761
284762
284763
284764
284767
284768
284769
284770
284771
284772
284774
284776
284777
284778
284779
284780
284781
284782
284783
284785
252018
284787
284788
284789
284786
252024
252025
284794
284795
284796
252032
284804
284805
284806
284807
284812
284813
284814
252047
284816
284817
252049
284818
284820
284821
284819
252056
284827
252060
252061
284830
284831
284829
284828
284835
284836
252070
284841
252074
284843
284844
252077
284845
284846
284847
252080
153778
284851
284852
284853
284854
252078
284856
284857
284858
284859
284860
284861
284862
284863
252095
284865
284866
284867
284868
284870
284871
284875
284877
284878
252111
252113
284881
284882
284884
284885
284886
252118
22743
284887
284888
284894
284895
284898
284899
284901
284902
284903
284904
284905
284906
284907
219369
284909
284910
284911
284912
284914
284915
284916
252149
284918
284919
219389
252158
284925
284926
284928
219394
284931
284930
284933
284929
284935
284936
284937
284938
284939
284940
284942
284943
284944
284945
284947
284948
252179
284950
284951
284952
252185
284954
252182
284956
284957
121110
252191
284960
284961
284962
284963
284964
252193
252196
284966
284968
284969
284970
284971
284972
284973
284974
284975
284967
284977
284980
284982
284983
284984
284985
284986
219451
284988
284989
284987
55612
284990
284991
284994
284995
284996
284997
284998
284999
252232
285003
252237
252239
285007
252246
285014
285016
252247
285021
252255
285024
252256
285028
252262
285030
252264
252265
285035
252268
252270
285038
285040
285042
285045
285046
252279
252280
285049
252281
285048
285052
285058
285064
252302
252303
285074
285076
252311
285085
252322
285090
285092
121266
285111
285112
285116
252349
252348
285120
285122
285123
252356
285125
285137
252370
252369
285143
252377
252379
252381
252382
252387
285157
219621
285163
285166
285171
285173
285176
285181
285183
285187
285188
252424
285192
285195
285196
285198
285200
252432
285202
252436
285207
252443
252444
285213
285216
285221
285223
252457
252458
285230
285232
252464
285237
252474
285243
252482
285254
252487
285257
252492
252495
285264
285266
252503
252506
252507
252508
285277
252512
285280
285284
252524
285306
252540
252543
285312
285313
285315
252551
252553
285321
252555
252556
285328
252562
285336
252568
285338
252573
285350
285353
252587
285357
219824
285360
285362
285364
285369
285372
252607
219843
285385
285389
252623
285391
285393
285400
285403
252640
285410
88809
285417
252651
285421
285423
252658
252662
285434
154363
121596
252671
285440
285444
252676
285448
252681
285450
252683
285452
252686
252689
252698
285466
252702
285471
285473
285480
285484
285488
285490
285492
252725
252727
285498
285503
285505
252738
285516
285524
252760
252761
285531
285533
252769
252773
285542
252776
285547
252781
285552
285554
252787
285568
285569
252805
285579
285585
252819
285587
252824
252827
187291
252829
285600
285606
285608
252841
285610
187311
285620
285628
285629
252860
252863
252865
252866
252868
252872
285641
252874
285640
252879
285649
285652
285657
252892
285660
252898
285668
285669
252908
252909
252912
285683
252917
285687
252920
285691
285697
285698
285704
252950
252954
285722
252956
285724
285727
285736
252976
285752
285754
285757
285762
253003
285778
253015
285784
285788
285791
253025
253031
253032
253033
285805
253039
253043
285811
285818
253054
285823
285824
285827
253066
285837
285839
253074
253075
285854
253090
253091
253093
253095
285864
285866
285872
253104
253106
285876
253110
285880
285882
285889
253124
253125
285894
253129
253136
285907
285910
253145
285914
285916
253158
285926
285928
187627
285934
285935
253168
285942
285952
285955
285958
220423
285962
285964
253198
253199
253203
285974
89369
285983
285986
285994
253230
286000
286001
286006
286008
253248
253249
286020
286021
286023
187721
286027
253260
286031
286033
286035
286040
253273
286048
286050
220516
286060
253297
253298
253300
253301
286070
253304
286076
286080
286083
220550
286091
253324
286096
286101
253335
253340
253347
286115
286120
253365
253366
286140
286145
253398
286168
253405
286174
220643
253411
286179
286182
253417
286186
253424
253425
286192
286196
286198
286201
253438
122368
286209
253447
253452
286220
253455
286226
286227
56852
253466
253468
122398
253476
253483
286255
286266
253503
253512
286282
253524
286304
286309
253542
253546
286319
253558
253559
286332
253570
253574
253576
253581
286353
253588
253589
253590
286365
253598
286370
220840
253609
253612
253620
253624
286394
253628
253637
253643
220875
286414
253647
286416
286424
253657
253661
253662
122589
286440
253678
286447
253683
253688
253689
286461
253694
253696
253702
253713
253717
286488
286497
286499
286500
253732
253734
253738
286507
286506
286516
286529
253763
220995
286531
253766
286533
253768
253773
253774
286543
286545
253778
286546
286548
253781
286549
253784
286557
89958
253799
253798
253805
286575
221058
253826
253827
253829
253833
286602
253843
253844
286614
286616
253856
253865
24490
253869
286641
286643
286647
253885
253886
253888
253889
286662
253895
221133
253902
253903
253904
286686
24545
286692
253933
286701
253938
253939
286711
253947
221183
253959
286731
253965
286739
253975
253980
253991
253993
253996
254006
254007
286777
286780
254020
286789
254024
254029
254031
286800
254033
286804
286806
254041
254043
286820
286833
286834
286838
286840
254072
254077
254078
286846
254080
254088
254089
286865
254103
57499
286875
254107
254110
254124
254125
90284
286892
254128
254140
286910
254144
286913
254146
254147
254151
286922
123083
286925
254160
254180
254182
254183
254192
254197
254201
286971
221435
286973
254206
286977
254213
286982
254215
286988
254220
286990
254222
254224
254230
254231
254232
254234
254235
254239
287008
287014
254247
254246
254252
287027
254264
287033
254265
287035
287036
254274
90437
254280
254283
254284
254290
287060
287062
287067
287082
287084
254320
287088
287090
254323
287094
254333
287102
287107
287111
287114
287115
287116
254352
254358
287128
188827
287132
254369
254375
287143
254386
254387
254389
287160
254410
287186
221650
254421
287190
254423
254426
287195
254428
287197
254429
254432
287201
254434
287206
254448
254451
287222
287228
287248
254480
254483
287256
254496
254515
287284
287285
287286
254519
254520
254526
254533
254540
254547
287319
254557
287326
254558
254562
287330
254571
254575
123506
254581
254583
287352
254589
254596
287365
254600
287369
156298
287374
287375
254611
254617
287388
254623
287398
254634
254636
254644
287413
287417
254654
287422
287425
254660
287433
287435
254673
254676
254677
287447
287451
254689
254694
287467
254699
254700
287476
254711
287484
254717
287491
287493
254728
254734
287502
254740
287519
254752
287523
287529
254762
254763
254766
287534
287537
254771
254773
254780
254781
287548
254786
254787
254793
254798
287569
287571
254803
287573
287586
287588
254821
254822
287594
254835
287606
25469
254846
287614
287618
254856
287629
287637
254869
287639
287640
287643
254878
287654
254889
287657
287667
222135
287685
254919
287688
254922
254924
254926
254932
287700
287702
254935
287711
254945
287720
254952
222184
254956
287729
254963
254970
58366
287744
287756
287765
287769
287781
287783
255018
255019
222253
255022
222257
287797
287802
255037
255038
255045
255051
287823
255057
255058
255060
287831
287835
255069
287838
287844
255078
255083
287852
255085
255086
255091
287860
287865
255101
287871
287872
287874
287882
255120
255124
255125
287894
287896
287898
287908
287910
287913
255150
255152
255160
255165
255167
287936
287938
255175
255176
255178
287952
255188
255197
287967
287974
255217
255220
287991
287992
222466
288008
255249
255253
288025
288031
288034
255271
288041
288049
255282
255283
255285
288058
288061
255295
255298
156995
255305
255315
288083
255318
288089
255321
255334
288105
255338
288114
222579
288122
288126
288133
222598
255367
255368
255376
255378
288147
255382
288151
255398
255406
288174
255412
288180
255415
288188
222653
288190
255422
255424
255428
255429
288199
288204
255444
255451
255457
288232
255467
255471
255473
288242
222707
288244
255480
288248
255490
288262
222733
58894
288270
288274
255507
255513
288286
255522
288294
255531
288300
255534
255542
255544
255545
288315
222783
255552
255555
255559
288330
255563
255565
288334
288340
255580
255585
255590
255598
255599
255601
288370
190067
288373
255606
255615
255617
255619
288393
255628
255630
222867
255638
255646
255657
255658
255662
255663
288435
255670
288439
255674
288445
255678
255681
255683
255693
288465
288469
222941
255713
255731
255733
288505
255741
288521
124685
288525
124690
288532
255765
255768
223004
255774
255777
255780
255781
288551
255783
255788
288558
288559
288563
288566
255802
288576
255810
255811
255819
255821
124759
255834
255837
255841
288610
255844
255848
255854
255855
288627
255875
255877
288650
255883
255890
255891
255893
255894
255897
255899
288668
288670
288678
255920
255924
288695
288700
255934
288702
255936
255962
255965
288733
255969
255970
288742
288747
288753
255985
255987
288756
256001
288773
288776
157706
256013
288784
256017
256031
256034
288809
256059
288835
124998
256070
223314
59474
288869
256104
256107
256112
288881
288883
288891
288893
256125
256127
256128
256130
256131
256139
256153
256158
256164
288935
256167
256169
256173
256175
288951
288964
288970
256203
256205
288980
157911
256218
256219
288986
288990
256222
288995
256229
288999
256235
223468
289003
256243
256246
256249
256251
256254
289024
256267
256268
289037
256286
256289
289059
289062
289069
289077
289079
289080
289086
256323
289097
256333
289102
289107
256349
289119
289122
256355
256360
256361
289133
289137
256372
256375
256379
256397
289181
256417
289187
256422
190889
256427
256428
256429
256431
289202
256437
289211
256449
256450
289222
256461
256466
289238
289242
256476
289245
256480
289256
256499
256500
256501
289270
256508
256509
256511
289279
223745
289287
289291
256528
256534
256536
289304
256538
223775
256548
289317
289327
256562
289331
256567
256568
256569
289335
256576
256605
256607
256610
256613
256620
256621
256623
256625
223860
256639
289412
256645
289414
256650
191115
256652
289423
256667
256668
289439
289440
289442
256678
256679
289447
256681
256683
256684
256688
256691
289463
256700
289474
256724
256729
289501
256736
256737
256743
256744
289513
256746
289511
289519
256752
289525
256758
256765
191230
256770
256773
27404
289548
256783
256786
289554
289557
256792
256793
256794
256796
256799
256802
256803
256809
289587
224063
256840
256841
256851
256852
256854
289623
256855
289627
256870
256874
256882
256887
289666
256898
289676
289680
289684
256918
256925
289698
256934
256942
289710
256947
289718
256952
289728
256964
289736
256969
289740
256972
257000
257004
289773
289778
257020
224253
289797
289799
224265
257034
257038
257040
224272
224277
257049
257050
125982
224289
289825
289826
257065
257068
257079
257080
257095
257097
257110
257112
257116
257117
224356
257125
191603
257140
257143
289912
289913
257147
27773
289919
289924
257166
257167
257168
257169
257171
257173
257183
257196
289980
289983
257224
257235
290007
257241
290021
290032
257265
290036
257268
257276
290058
257298
290072
290073
290079
257311
224543
257323
290093
257328
290098
257335
257346
290119
257352
257353
290137
257374
257376
257378
257381
257393
257396
257399
257404
257408
257414
257424
257428
257433
257440
257441
257444
257449
257452
257457
257465
257468
290251
290252
257483
257491
290263
257498
290268
257501
290269
290270
257510
290297
290305
257537
257543
257561
93724
257571
257574
257599
257606
257610
257617
257627
290396
257640
257641
257648
224880
224905
257674
257675
257677
257683
61086
257694
257696
257712
257713
257715
257719
257727
257729
257739
257740
257742
257744
224977
257762
257765
257768
257774
257776
290549
290555
257788
257793
290570
257812
257813
257817
257820
257827
257829
257832
257834
126765
290607
257848
257849
257854
257857
257859
257864
257866
257872
225105
257883
257900
257906
257907
257909
61310
257922
257927
257934
257942
257944
257945
257947
257951
257956
257960
257961
94122
290733
257966
257967
290735
290755
257988
257994
257996
290766
257999
290767
258003
258011
258022
258024
258029
258031
225266
290802
290803
258046
258048
258049
258053
290822
258075
258076
94247
290856
258114
290884
258117
258120
258136
258145
290920
258155
258160
127091
258163
258170
258181
290950
290956
290957
258192
290961
258193
258195
258197
258209
258210
258212
258215
258216
290986
258219
258222
258225
258226
258238
258240
258244
258258
291037
258271
291062
258296
258304
258308
258316
258317
258320
258324
258341
291116
225586
258355
291125
258360
258364
258365
258379
258383
258388
258390
258394
291163
291164
291166
258399
258406
291175
258409
258412
291189
258423
258431
291202
258457
258460
258468
258483
291260
258494
291275
258512
291280
291286
258520
258521
258523
258536
258543
291314
258547
258555
258556
258557
225795
160262
291341
258574
258579
258584
291359
291368
291369
258617
258620
258624
258637
258639
258647
225879
258648
258659
258662
291446
291452
291453
225926
258702
258707
258708
258721
258723
193188
258729
258733
225970
258738
258750
258752
291521
258767
258769
258770
291538
226011
291551
226025
258794
258797
291575
291576
258815
258818
291593
258826
291600
291601
291602
291603
258833
291604
291614
291615
258849
258854
226090
258863
226100
291638
258871
291639
291640
258870
258877
258878
127810
226125
258895
258896
258900
258904
291674
258908
291687
258931
258937
127870
258944
258946
291717
291718
258949
291724
291725
226188
258959
291727
62357
226197
258969
258972
291746
291747
291748
291749
258979
291753
291758
291763
291778
259035
259038
259039
291812
226281
259051
291821
291822
259055
291823
291824
259058
291827
259060
291826
291830
291831
291833
291834
291835
291838
291839
291840
291842
291843
291848
291853
259086
160784
291856
95249
291859
259088
291862
291864
291875
291878
291883
259116
259119
259120
291887
291891
259133
259134
291909
291915
259153
291922
259158
291928
259160
291937
259172
291946
259181
62577
291954
291956
291960
193657
259194
291965
259199
259202
259203
291972
259205
291979
259211
291982
259215
259214
291991
291994
259228
259234
259235
292011
292013
292017
292031
259264
292037
292039
128203
259276
259275
259278
292049
259285
259288
259294
128227
259306
292078
259312
193777
259317
292086
259320
259321
259322
292091
259326
259331
292099
259333
259337
259340
259345
292117
292126
292133
292136
259370
292139
259375
259377
292153
259389
259392
259395
259399
259405
259409
226642
292179
259415
292187
259424
259430
292202
259437
292211
292212
259447
259451
259455
259456
259457
259458
292226
259469
259472
292247
259485
259487
259488
292259
259491
259499
292270
259505
292281
259518
292289
292295
259528
292297
259540
194005
292310
292316
292320
259556
259563
226798
259567
259566
292334
226806
259578
292347
259580
259585
259586
292354
259588
259590
292358
259592
259593
259602
259616
259631
292402
259635
259637
259641
161340
259648
259652
259662
292433
259666
259670
292447
259686
226919
292456
259706
259708
292481
259714
292483
259719
259720
259724
292494
259730
259735
292503
259738
259739
226973
259743
259753
292522
259756
194220
259758
259762
259771
259774
292546
259779
292549
259787
292555
259795
194260
259798
259805
292577
259810
227043
259811
259816
259817
259821
259827
30451
292606
292608
259843
63241
292619
259854
292626
259866
259872
259877
259884
259894
292665
194366
292674
259907
259909
259913
259918
292688
259929
292705
259945
259946
259947
259948
292721
227194
292735
259967
259983
292756
259990
259995
194473
260010
260009
292785
260019
260020
292789
260022
292793
260026
292803
292807
260040
227273
260044
292814
260046
292819
260053
292824
292829
292833
292835
260074
260075
292845
292847
260080
194553
292862
227327
260097
260103
260106
260112
260115
30740
260121
260123
260126
260137
260143
260144
260151
260162
260163
30787
292931
194626
260175
292945
260180
292949
260183
260201
30831
260208
292982
260216
260218
260223
260226
260235
293004
260238
293008
293013
260248
260254
293022
260256
260257
293027
260263
260265
260266
293036
293037
293039
260278
260282
63676
260289
293065
260298
260303
260310
260312
293082
227547
293088
260325
260329
260340
260341
260342
260351
293120
260352
260353
260360
260361
260362
293129
260364
293130
260378
227610
293148
260384
293165
260400
227633
260407
260414
227648
260419
260421
260423
260429
260431
260432
293203
260438
293213
260449
260451
260459
260460
293228
293229
260463
260465
227697
260467
293234
260477
293245
129415
260490
293260
260501
260509
162206
260510
260512
293287
260520
293292
260526
260529
293300
293302
293311
293312
260549
260550
260557
96719
293330
96726
260576
260579
260584
260588
293369
260604
260605
293372
260609
260615
260616
260623
260628
260630
260637
293409
293410
260646
260649
260651
260656
260657
129590
227902
260671
260672
260673
260677
293447
260681
293450
260693
260694
260698
293470
260710
260711
293478
293482
260716
293496
260732
293501
260738
260741
293511
260743
260745
260748
260751
260762
260763
260780
293549
293551
260789
260791
260795
260796
293566
293568
260804
293575
228043
293581
260823
260825
260827
293597
260830
260832
293604
260839
293607
293608
228080
260861
260864
293632
293640
260876
260877
293646
260879
293653
293660
293665
260904
260910
293685
260918
293686
293688
260921
293687
293690
293695
293696
228162
228166
260943
260948
260950
293719
260961
293734
162662
260973
260976
293749
293751
260984
293758
260993
293766
260998
293768
261000
261003
261004
293774
228239
261012
293781
293783
129944
293785
261024
31649
228260
261031
293800
261032
293802
293801
228272
261042
261044
228277
293819
293820
293826
228291
293828
261061
261066
293835
261077
228314
293851
293852
293850
293861
261094
293866
261099
261100
261107
293878
261111
261118
293887
261121
293889
261123
261124
261125
261126
293894
293895
293900
261133
97293
261137
293909
261143
293914
293918
293919
261154
228387
261157
293926
293927
293928
261164
261174
195639
293943
293945
293946
293947
293948
261178
261182
293951
261185
261189
261190
293957
261192
261193
261194
261195
293963
261197
293958
293966
261200
293968
293969
293967
261198
293974
261207
293977
261210
261211
293983
261217
261220
261221
261222
293992
293994
293995
261231
294003
261239
261253
261257
261258
261260
294029
294030
294036
261269
294038
261276
261279
261280
294051
261284
294055
261290
294061
261294
261302
228536
294076
294079
294080
261319
261320
261321
261323
261324
261325
31954
261331
261340
261342
294112
294116
294118
261351
294119
261357
261361
261362
261364
261368
294137
261373
294141
261377
261381
261382
261386
261387
294155
294158
261393
261394
261398
64796
294174
261407
261411
261416
261417
261419
294193
261428
261432
261434
294204
294208
261445
261447
261450
294224
261459
261460
261461
294230
261466
261467
261469
294240
294241
261474
97633
261476
294255
261489
294261
261495
261496
261507
294275
261510
261520
261521
294292
261535
294307
261543
294324
261557
294327
261560
261561
294332
294334
261572
294347
261583
228816
261596
294368
294371
261607
261612
261620
261625
294400
294405
261638
261639
294406
261646
261650
261658
294431
294438
261671
261672
294441
261674
261677
261680
261686
261687
261688
261690
261691
294462
261695
261694
261698
261700
294468
261702
228937
261708
294487
294488
261723
294492
261729
261731
261733
261735
261737
261738
261740
261759
261760
261764
294534
261770
294541
261776
261781
261783
229018
261786
261788
261789
261790
261791
294567
294576
294581
294582
261816
261817
261818
294591
294596
261828
294598
130759
261837
261840
261842
261847
261860
261863
261865
261873
261880
261882
294656
229120
294660
261896
261900
261901
261910
32535
261919
261920
261922
294692
261928
294697
261929
261932
261941
294712
261945
294713
32570
229176
294717
294721
261956
261959
261964
261971
261977
261978
261982
196448
261985
261987
261988
261989
261990
294760
294761
261997
262012
262015
262018
262021
262022
262023
229256
262025
262026
262027
262032
294801
262038
294807
294810
262044
262049
32674
262052
262053
294824
294825
262057
262059
262062
262064
262065
262067
262071
262072
262073
262076
294845
229310
262078
262077
262086
294856
262091
262105
229339
262108
262110
262111
262112
262113
262115
262118
262120
262121
262122
262124
262127
262128
262129
262130
262131
262132
262133
262134
262135
262136
262137
229370
262139
262140
294909
262142
262143
