157706
262173
284711
284712
284713
276528
262194
284723
284724
262195
264242
284727
284728
284729
284730
284731
284732
284733
202812
284735
194626
266309
262216
266322
262228
262232
176222
290920
264302
264303
260208
262265
260226
256131
293004
264338
276627
297108
262296
262302
262303
258216
293039
266416
266417
258225
262331
282813
258238
247997
239810
293065
299224
274653
266463
270561
270562
288999
289003
233715
280821
266490
266491
286973
266496
246026
250122
260364
289037
246032
284945
176405
262422
262423
262424
266524
284966
284967
289069
272688
258355
284986
284987
264517
260421
262470
237898
164172
262484
262485
285028
299364
276845
285040
262512
262514
262515
262513
262519
262521
280967
280969
266637
266638
252303
233874
242076
260512
266660
297398
285112
268729
274879
274880
285125
262608
291280
287195
287197
264670
254432
238054
254451
264692
285173
289270
242171
291341
258579
299540
283160
283165
283166
266782
289317
264742
264743
266807
266810
293447
264795
264796
285277
262747
238179
264804
264805
266855
266856
262773
264834
285315
264835
262802
295570
266902
295575
252568
266903
266905
266907
287388
266908
244382
266904
297624
297628
297630
205490
240319
291521
287435
266958
266959
266960
266961
266962
244438
246492
273117
291551
281315
281319
250603
281335
285434
246524
101125
295687
291593
289548
293646
246561
285490
291638
291639
234299
299842
211794
242516
252761
263011
263012
291687
256882
293749
293751
289666
265091
287618
271241
250768
263057
265106
265107
263059
263060
256918
263062
263064
252829
261024
289698
285608
285610
289728
285641
267211
242640
263135
263136
254945
244713
267256
297978
289797
283655
289799
238602
291864
293918
293919
289825
289826
265252
265253
293926
259119
291891
232503
281656
275518
259134
261190
261198
285778
263251
263253
263254
83039
259172
255083
267379
267387
267388
27773
287874
267405
267406
296085
291994
281755
244894
298143
267428
267431
294055
249002
292013
234669
292017
253106
281778
267444
283829
267446
279735
244920
285882
281786
300231
261320
251086
283861
290021
269554
251132
285952
285955
267533
267540
267541
273687
267543
267546
267547
267548
267549
265504
298276
265515
265516
294193
265525
265526
257335
292153
288058
300349
238910
288061
265537
265540
265542
263495
263496
290119
263502
245075
288083
283991
251223
283995
185699
296295
286060
267634
267635
279933
241022
296325
296326
265615
296337
296338
288151
300442
300443
257440
265647
251314
298421
298423
292289
265672
294347
247258
265707
292334
282102
235007
288274
267796
280085
284186
284202
204331
259631
263732
265780
261686
265782
3646
284241
284242
243286
265818
261723
286304
265827
265828
261735
278136
265857
265858
280195
261764
265862
292494
274066
292503
261786
263844
251570
282291
100034
261828
286424
245471
261863
247540
261882
261896
284433
243475
288532
282390
284448
253732
280359
261929
298794
132922
294717
282431
251713
141134
284507
243549
284523
276332
276334
262022
286614
262038
262044
262049
262057
262067
262073
262076
262077
262078
266178
227273
284622
284628
262105
229339
284635
288733
262110
292829
292833
262115
292835
288742
262121
262122
288747
292845
258031
202736
292847
262127
251900
